   1        "u-t+a"    6    8.480936  16.167500  32.001835
   2        "k-e+l"    3   28.999968   3.999954   4.110106
   3           "sp"   39   59.437794
   4        "k-i+r"    6   28.477404  20.295050   9.144418
   5        "n-a+n"    6   26.008928  29.895086  10.196312
   6        "a-n+a"    6   14.949579  10.043799  21.975805
   7        "a-n+j"    3   13.002973   7.999988  21.002941
   8        "n-j+u"    3    8.996970   7.000161   4.999781
   9        "g-e+s"    6   12.007371   6.450771  13.807117
  10        "t-a+r"    6   16.245960  16.626368  23.793840
  11        "j-e+d"    3    3.000000   3.000000   3.000097
  12          "a-i"    6   27.511972  56.999126 121.532967
  13          "a-n"    6   12.630336  15.560556  41.678352
  14          "a-r"    9   29.051075  26.490387  70.189919
  15        "j-u+t"    3    4.999992   3.999862   4.999865
  16          "d-a"    3    4.961488   3.114723  21.277655
  17          "e-r"    6   37.214546  23.584517  28.896975
  18          "g+e"    6   40.366844  31.129545  13.823706
  19          "j+e"    3   15.645488  21.780396  17.219561
  20          "k+a"    6   14.051863  11.789541  10.874747
  21          "k+e"    3    5.000357   7.000000   8.000100
  22          "k+i"    6   29.340292  14.025517  21.969824
  23          "l+a"    3    2.999997   2.999997   3.002453
  24          "m+u"    3   16.011429  57.998383  36.840595
  25          "p+u"    6   54.135239  21.008989  45.342319
  26          "r-i"    6   49.345482  43.629654  67.892616
  27          "s+e"    3   20.940279   8.102425   5.031776
  28          "sil"   54  243.316605  59.437794 108.667152
  29          "u-t"    3    6.543499   3.456743   3.006126
  30        "m-u+l"    3    3.148107   5.000000   8.000000
  31        "p-u+t"    6   17.051188   7.586934  12.406529
  32        "s-a+i"    3    6.172899  14.691774  12.545249
  33        "s-e+l"    3    3.968214   3.000000   4.011292
  34        "s-e+r"    6   14.715289   8.332169   9.196645
  35        "i-r+i"    6   11.629699  14.674617  11.318522
  36        "l-a+i"    3    4.296251  13.277207   9.479988
  37        "l-a+n"    3    6.997387   7.975144   4.021976
  38        "l-e+s"    3    3.975233   8.996763   6.038645
  39        "l-u+a"    3    3.387364   3.316645  13.316030
  40        "e-d+a"    3    9.000001  16.053429  18.984972
  41        "e-l+e"    3   15.143723  12.832367   4.905208
  42        "e-l+u"    3   56.688744  29.866274   4.333899
  43        "e-s+a"    3   14.092119   7.984749   6.019520
  44        "e-s+e"    6   42.847630  21.349268  34.604164
  45        "u-a+r"    3    3.682187   6.226870  36.366222
  46        "u-l+a"    3    8.065709  12.978015  39.949772
  47        "k-a+n"    6   10.436968  41.266281   7.645222
